697594
223709
148363
777195
505709
70371
225931
439085
810997
405742
75616
115331
475909
793010
766647
137263
474933
896446
952263
374890
596346
92872
232109
501718
437142
98391
882123
986500
235435
413214
940219
855286
832294
18528
326422
503538
885182
657177
760877
932504
339742
421264
318799
391007
858623
441909
134734
242408
312630
179022
595190
93514
64318
172640
838857
247736
343442
999243
736186
340821
49860
497464
664934
636222
962038
57384
735717
157191
636340
653488
619418
705534
291675
696420
640362
718257
136261
487680
20620
244883
739559
165462
641584
832236
890909
354672
898478
295955
549429
309767
843181
846145
148742
388376
777373
42340
682341
203456
883637
21467
450882
521141
664094
130521
740879
259080
543542
882546
714122
308063
182324
824669
716126
698488
14533
436543
70213
865614
272026
452518
275920
664980
776127
191660
437756
382735
53431
947594
81946
246877
788831
701580
699531
801347
788290
613523
489433
618887
171189
897780
742545
393161
633594
460401
610844
749847
52353
362853
857323
440065
135609
368205
716855
163019
187014
477396
120647
339405
382963
810553
492920
969369
264329
772887
660348
775640
32680
478152
191078
795836
189173
371569
528742
883635
327995
766419
475904
153811
57640
981136
76390
417641
295440
886659
678500
486690
595020
842695
602504
702806
19235
163403
497386
479823
78801
701903
875599
868649
141387
107838
942929
376081
831785
652253
496335
123984
86532
658402
857318
809893
481398
579395
641777
169433
266008
836968
463847
978712
678767
829879
161433
334936
699875
653341
904679
805972
105498
485742
791343
926202
564026
483463
440195
580461
501836
210522
979779
139371
65663
180443
887370
603647
381556
207555
560699
432542
392135
805549
612007
273459
828511
791288
441155
483297
860105
562224
829062
230313
813350
521227
843418
148127
994779
119022
124692
136174
397237
665878
886955
206391
546312
474172
594989
130199
675401
48456
72543
678404
733989
599386
17331
314293
610975
408964
331791
602335
896207
242342
929456
517668
763988
211381
262245
61576
31443
40738
954100
539142
869824
380011